6666666666666666666666666666
6444444444444664444444444446
6466664666664664666664666646
6866664666664664666664666686
6466664666664664666664666646
6444444444444444444444444446
6466664664666666664664666646
6466664664666666664664666646
6444444664444664444664444446
6666664666660660666664666666
0000064666660660666664600000
0000064660000000000664600000
0000064660666666660664600000
6666664660600000060664666666
0000004000600000060004000000
6666664660600000060664666666
0000064660666666660664600000
0000064660000000000664600000
0000064660666666660664600000
6666664660666666660664666666
6444444444444664444444444446
6466664666664664666664666646
6466664666664664666664666646
6844664444444444444444664486
6664664664666666664664664666
6664664664666666664664664666
6444444664444664444664444446
6466666666664664666666666646
6466666666664664666666666646
6444444444444444444444444446
6666666666666666666666666666